LII INDEX FRAGMENTORUM.

Ed. Or. II Ed. Kays. et Bait, Haec ed.
E ΙΙ 4 G ΙΙ 4 F ΙΙ 5
III p. 979. 43 T. VIII p. 312 III 1
1 n. 9 3
2 8 2
IV p. 980. 7 G ‘IV 1 IV [1]
16 2 2
1 3 3
2 4 4
- - [5]
— V arg. 1—6 V 1-6
V 1 7 7
2 8 8
—- 9 9
φ 10 10
3 srg l 15
4 2 16
5 3 17
6 4 18
7 ,ἦ 19
8 6 20
9 7 21
10 8 22
11 9 23
12 10 24
13 11 11
14 12 25
15 13 26
16 14 27
17 15 28
18 16 29
19 17 30
20 18 31
21 19 12
22 20 32
23 21 33
[24] 22 13
24 23 --
25 24 34
{⁶7³} 25 35
28 26 36
,29 27 37
30 28 38
31 29 39
32 30 40

 

